
 ×èÖµ	 ÎÂ¶È

 (¦¸) 	 (¡æ)

 800.000	 -50.77

 802.000	 -50.27

 804.000	 -49.76

 806.000	 -49.26

 808.000	 -48.76

 810.000	 -48.25

 812.000	 -47.75

 814.000	 -47.24

 816.000	 -46.74

 818.000	 -46.24

 820.000	 -45.73

 822.000	 -45.23

 824.000	 -44.72

 826.000	 -44.22

 828.000	 -43.71

 830.000	 -43.21

 832.000	 -42.70

 834.000	 -42.20

 836.000	 -41.69

 838.000	 -41.19

 840.000	 -40.68

 842.000	 -40.18

 844.000	 -39.67

 846.000	 -39.17

 848.000	 -38.66

 850.000	 -38.16

 852.000	 -37.65

 854.000	 -37.14

 856.000	 -36.64

 858.000	 -36.13

 860.000	 -35.63

 862.000	 -35.12

 864.000	 -34.61

 866.000	 -34.11

 868.000	 -33.60

 870.000	 -33.10

 872.000	 -32.59

 874.000	 -32.08

 876.000	 -31.58

 878.000	 -31.07

 880.000	 -30.56

 882.000	 -30.05

 884.000	 -29.55

 886.000	 -29.04

 888.000	 -28.53

 890.000	 -28.03

 892.000	 -27.52

 894.000	 -27.01

 896.000	 -26.50

 898.000	 -26.00

 900.000	 -25.49

 902.000	 -24.98

 904.000	 -24.47

 906.000	 -23.96

 908.000	 -23.46

 910.000	 -22.95

 912.000	 -22.44

 914.000	 -21.93

 916.000	 -21.42

 918.000	 -20.92

 920.000	 -20.41

 922.000	 -19.90

 924.000	 -19.39

 926.000	 -18.88

 928.000	 -18.37

 930.000	 -17.86

 932.000	 -17.35

 934.000	 -16.84

 936.000	 -16.34

 938.000	 -15.83

 940.000	 -15.32

 942.000	 -14.81

 944.000	 -14.30

 946.000	 -13.79

 948.000	 -13.28

 950.000	 -12.77

 952.000	 -12.26

 954.000	 -11.75

 956.000	 -11.24

 958.000	 -10.73

 960.000	 -10.22

 962.000	 -9.71

 964.000	 -9.20

 966.000	 -8.69

 968.000	 -8.18

 970.000	 -7.67

 972.000	 -7.16

 974.000	 -6.65

 976.000	 -6.14

 978.000	 -5.62

 980.000	 -5.11

 982.000	 -4.60

 984.000	 -4.09

 986.000	 -3.58

 988.000	 -3.07

 990.000	 -2.56

 992.000	 -2.05

 994.000	 -1.53

 996.000	 -1.02

 998.000	 -0.51

 1000.000	 0.00

 1002.000	 0.51

 1004.000	 1.02

 1006.000	 1.54

 1008.000	 2.05

 1010.000	 2.56

 1012.000	 3.07

 1014.000	 3.58

 1016.000	 4.10

 1018.000	 4.61

 1020.000	 5.12

 1022.000	 5.63

 1024.000	 6.15

 1026.000	 6.66

 1028.000	 7.17

 1030.000	 7.68

 1032.000	 8.20

 1034.000	 8.71

 1036.000	 9.22

 1038.000	 9.74

 1040.000	 10.25

 1042.000	 10.76

 1044.000	 11.28

 1046.000	 11.79

 1048.000	 12.30

 1050.000	 12.82

 1052.000	 13.33

 1054.000	 13.85

 1056.000	 14.36

 1058.000	 14.87

 1060.000	 15.39

 1062.000	 15.90

 1064.000	 16.42

 1066.000	 16.93

 1068.000	 17.44

 1070.000	 17.96

 1072.000	 18.47

 1074.000	 18.99

 1076.000	 19.50

 1078.000	 20.02

 1080.000	 20.53

 1082.000	 21.05

 1084.000	 21.56

 1086.000	 22.08

 1088.000	 22.59

 1090.000	 23.11

 1092.000	 23.62

 1094.000	 24.14

 1096.000	 24.65

 1098.000	 25.17

 1100.000	 25.68

 1102.000	 26.20

 1104.000	 26.72

 1106.000	 27.23

 1108.000	 27.75

 1110.000	 28.26

 1112.000	 28.78

 1114.000	 29.30

 1116.000	 29.81

 1118.000	 30.33

 1120.000	 30.84

 1122.000	 31.36

 1124.000	 31.88

 1126.000	 32.39

 1128.000	 32.91

 1130.000	 33.43

 1132.000	 33.94

 1134.000	 34.46

 1136.000	 34.98

 1138.000	 35.50

 1140.000	 36.01

 1142.000	 36.53

 1144.000	 37.05

 1146.000	 37.56

 1148.000	 38.08

 1150.000	 38.60

 1152.000	 39.12

 1154.000	 39.64

 1156.000	 40.15

 1158.000	 40.67

 1160.000	 41.19

 1162.000	 41.71

 1164.000	 42.23

 1166.000	 42.74

 1168.000	 43.26

 1170.000	 43.78

 1172.000	 44.30

 1174.000	 44.82

 1176.000	 45.34

 1178.000	 45.85

 1180.000	 46.37

 1182.000	 46.89

 1184.000	 47.41

 1186.000	 47.93

 1188.000	 48.45

 1190.000	 48.97

 1192.000	 49.49

 1194.000	 50.01

 1196.000	 50.53

 1198.000	 51.05

 1200.000	 51.57

 1202.000	 52.09

 1204.000	 52.61

 1206.000	 53.13

 1208.000	 53.65

 1210.000	 54.17

 1212.000	 54.69

 1214.000	 55.21

 1216.000	 55.73

 1218.000	 56.25

 1220.000	 56.77

 1222.000	 57.29

 1224.000	 57.81

 1226.000	 58.33

 1228.000	 58.85

 1230.000	 59.37

 1232.000	 59.89

 1234.000	 60.41

 1236.000	 60.93

 1238.000	 61.45

 1240.000	 61.98

 1242.000	 62.50

 1244.000	 63.02

 1246.000	 63.54

 1248.000	 64.06

 1250.000	 64.58

 1252.000	 65.10

 1254.000	 65.63

 1256.000	 66.15

 1258.000	 66.67

 1260.000	 67.19

 1262.000	 67.71

 1264.000	 68.24

 1266.000	 68.76

 1268.000	 69.28

 1270.000	 69.80

 1272.000	 70.33

 1274.000	 70.85

 1276.000	 71.37

 1278.000	 71.89

 1280.000	 72.42

 1282.000	 72.94

 1284.000	 73.46

 1286.000	 73.99

 1288.000	 74.51

 1290.000	 75.03

 1292.000	 75.56

 1294.000	 76.08

 1296.000	 76.60

 1298.000	 77.13

 1300.000	 77.65

 1302.000	 78.17

 1304.000	 78.70

 1306.000	 79.22

 1308.000	 79.75

 1310.000	 80.27

 1312.000	 80.79

 1314.000	 81.32

 1316.000	 81.84

 1318.000	 82.37

 1320.000	 82.89

 1322.000	 83.42

 1324.000	 83.94

 1326.000	 84.47

 1328.000	 84.99

 1330.000	 85.52

 1332.000	 86.04

 1334.000	 86.57

 1336.000	 87.09

 1338.000	 87.62

 1340.000	 88.14

 1342.000	 88.67

 1344.000	 89.19

 1346.000	 89.72

 1348.000	 90.24

 1350.000	 90.77

 1352.000	 91.30

 1354.000	 91.82

 1356.000	 92.35

 1358.000	 92.87

 1360.000	 93.40

 1362.000	 93.93

 1364.000	 94.45

 1366.000	 94.98

 1368.000	 95.51

 1370.000	 96.03

 1372.000	 96.56

 1374.000	 97.09

 1376.000	 97.61

 1378.000	 98.14

 1380.000	 98.67

 1382.000	 99.19

 1384.000	 99.72

 1386.000	 100.25

 1388.000	 100.78

 1390.000	 101.30

 1392.000	 101.83

 1394.000	 102.36

 1396.000	 102.89

 1398.000	 103.41

 1400.000	 103.94

 1402.000	 104.47

 1404.000	 105.00

 1406.000	 105.53

 1408.000	 106.06

 1410.000	 106.58

 1412.000	 107.11

 1414.000	 107.64

 1416.000	 108.17

 1418.000	 108.70

 1420.000	 109.23

 1422.000	 109.76

 1424.000	 110.28

 1426.000	 110.81

 1428.000	 111.34

 1430.000	 111.87

 1432.000	 112.40

 1434.000	 112.93

 1436.000	 113.46

 1438.000	 113.99

 1440.000	 114.52

 1442.000	 115.05

 1444.000	 115.58

 1446.000	 116.11

 1448.000	 116.64

 1450.000	 117.17

 1452.000	 117.70

 1454.000	 118.23

 1456.000	 118.76

 1458.000	 119.29

 1460.000	 119.82

 1462.000	 120.35

 1464.000	 120.88

 1466.000	 121.41

 1468.000	 121.94

 1470.000	 122.47

 1472.000	 123.00

 1474.000	 123.54

 1476.000	 124.07

 1478.000	 124.60

 1480.000	 125.13

 1482.000	 125.66

 1484.000	 126.19

 1486.000	 126.72

 1488.000	 127.26

 1490.000	 127.79

 1492.000	 128.32

 1494.000	 128.85

 1496.000	 129.38

 1498.000	 129.92

 1500.000	 130.45

 1502.000	 130.98

 1504.000	 131.51

 1506.000	 132.04

 1508.000	 132.58

 1510.000	 133.11

 1512.000	 133.64

 1514.000	 134.18

 1516.000	 134.71

 1518.000	 135.24

 1520.000	 135.77

 1522.000	 136.31

 1524.000	 136.84

 1526.000	 137.37

 1528.000	 137.91

 1530.000	 138.44

 1532.000	 138.97

 1534.000	 139.51

 1536.000	 140.04

 1538.000	 140.58

 1540.000	 141.11

 1542.000	 141.64

 1544.000	 142.18

 1546.000	 142.71

 1548.000	 143.25

 1550.000	 143.78

 1552.000	 144.32

 1554.000	 144.85

 1556.000	 145.38

 1558.000	 145.92

 1560.000	 146.45

 1562.000	 146.99

 1564.000	 147.52

 1566.000	 148.06

 1568.000	 148.59

 1570.000	 149.13

 1572.000	 149.67

 1574.000	 150.20

 1576.000	 150.74

 1578.000	 151.27

 1580.000	 151.81

 1582.000	 152.34

 1584.000	 152.88

 1586.000	 153.42

 1588.000	 153.95

 1590.000	 154.49

 1592.000	 155.02

 1594.000	 155.56

 1596.000	 156.10

 1598.000	 156.63

 1600.000	 157.17

 1602.000	 157.71

 1604.000	 158.24

 1606.000	 158.78

 1608.000	 159.32

 1610.000	 159.85

 1612.000	 160.39

 1614.000	 160.93

 1616.000	 161.47

 1618.000	 162.00

 1620.000	 162.54

 1622.000	 163.08

 1624.000	 163.62

 1626.000	 164.15

 1628.000	 164.69

 1630.000	 165.23

 1632.000	 165.77

 1634.000	 166.31

 1636.000	 166.84

 1638.000	 167.38

 1640.000	 167.92

 1642.000	 168.46

 1644.000	 169.00

 1646.000	 169.54

 1648.000	 170.08

 1650.000	 170.61

 1652.000	 171.15

 1654.000	 171.69

 1656.000	 172.23

 1658.000	 172.77

 1660.000	 173.31

 1662.000	 173.85

 1664.000	 174.39

 1666.000	 174.93

 1668.000	 175.47

 1670.000	 176.01

 1672.000	 176.55

 1674.000	 177.09

 1676.000	 177.63

 1678.000	 178.17

 1680.000	 178.71

 1682.000	 179.25

 1684.000	 179.79

 1686.000	 180.33

 1688.000	 180.87

 1690.000	 181.41

 1692.000	 181.95

 1694.000	 182.49

 1696.000	 183.03

 1698.000	 183.57

 1700.000	 184.11

 1702.000	 184.66

 1704.000	 185.20

 1706.000	 185.74

 1708.000	 186.28

 1710.000	 186.82

 1712.000	 187.36

 1714.000	 187.91

 1716.000	 188.45

 1718.000	 188.99

 1720.000	 189.53

 1722.000	 190.07

 1724.000	 190.62

 1726.000	 191.16

 1728.000	 191.70

 1730.000	 192.24

 1732.000	 192.79

 1734.000	 193.33

 1736.000	 193.87

 1738.000	 194.41

 1740.000	 194.96

 1742.000	 195.50

 1744.000	 196.04

 1746.000	 196.59

 1748.000	 197.13

 1750.000	 197.67

 1752.000	 198.22

 1754.000	 198.76

 1756.000	 199.30

 1758.000	 199.85

 1760.000	 200.39

 1762.000	 200.94

 1764.000	 201.48

 1766.000	 202.02

 1768.000	 202.57

 1770.000	 203.11

 1772.000	 203.66

 1774.000	 204.20

 1776.000	 204.75

 1778.000	 205.29

 1780.000	 205.84

 1782.000	 206.38

 1784.000	 206.93

 1786.000	 207.47

 1788.000	 208.02

 1790.000	 208.56

 1792.000	 209.11

 1794.000	 209.65

 1796.000	 210.20

 1798.000	 210.74

 1800.000	 211.29

 1802.000	 211.84

 1804.000	 212.38

 1806.000	 212.93

 1808.000	 213.47

 1810.000	 214.02

 1812.000	 214.57

 1814.000	 215.11

 1816.000	 215.66

 1818.000	 216.21

 1820.000	 216.75

 1822.000	 217.30

 1824.000	 217.85

 1826.000	 218.39

 1828.000	 218.94

 1830.000	 219.49

 1832.000	 220.03

 1834.000	 220.58

 1836.000	 221.13

 1838.000	 221.68

 1840.000	 222.22

 1842.000	 222.77

 1844.000	 223.32

 1846.000	 223.87

 1848.000	 224.42

 1850.000	 224.96

 1852.000	 225.51

 1854.000	 226.06

 1856.000	 226.61

 1858.000	 227.16

 1860.000	 227.71

 1862.000	 228.25

 1864.000	 228.80

 1866.000	 229.35

 1868.000	 229.90

 1870.000	 230.45

 1872.000	 231.00

 1874.000	 231.55

 1876.000	 232.10

 1878.000	 232.65

 1880.000	 233.20

 1882.000	 233.75

 1884.000	 234.30

 1886.000	 234.85

 1888.000	 235.40

 1890.000	 235.95

 1892.000	 236.50

 1894.000	 237.05

 1896.000	 237.60

 1898.000	 238.15

 1900.000	 238.70

 1902.000	 239.25

 1904.000	 239.80

 1906.000	 240.35

 1908.000	 240.90

 1910.000	 241.45

 1912.000	 242.00

 1914.000	 242.55

 1916.000	 243.11

 1918.000	 243.66

 1920.000	 244.21

 1922.000	 244.76

 1924.000	 245.31

 1926.000	 245.86

 1928.000	 246.42

 1930.000	 246.97

 1932.000	 247.52

 1934.000	 248.07

 1936.000	 248.62

 1938.000	 249.18

 1940.000	 249.73

 1942.000	 250.28

 1944.000	 250.83

 1946.000	 251.39

 1948.000	 251.94

 1950.000	 252.49

 1952.000	 253.05

 1954.000	 253.60

 1956.000	 254.15

 1958.000	 254.71

 1960.000	 255.26

 1962.000	 255.81

 1964.000	 256.37

 1966.000	 256.92

 1968.000	 257.47

 1970.000	 258.03

 1972.000	 258.58

 1974.000	 259.14

 1976.000	 259.69

 1978.000	 260.24

 1980.000	 260.80

 1982.000	 261.35

 1984.000	 261.91

 1986.000	 262.46

 1988.000	 263.02

 1990.000	 263.57

 1992.000	 264.13

 1994.000	 264.68

 1996.000	 265.24

 1998.000	 265.79

 2000.000	 266.35
