
 ÎÂ¶È	 ×èÖµ

 (¡æ) 	 (¦¸)

 -50.00	 80.306

 -49.50	 80.505

 -49.00	 80.703

 -48.50	 80.902

 -48.00	 81.100

 -47.50	 81.299

 -47.00	 81.497

 -46.50	 81.695

 -46.00	 81.894

 -45.50	 82.092

 -45.00	 82.290

 -44.50	 82.488

 -44.00	 82.687

 -43.50	 82.885

 -43.00	 83.083

 -42.50	 83.281

 -42.00	 83.479

 -41.50	 83.677

 -41.00	 83.875

 -40.50	 84.073

 -40.00	 84.271

 -39.50	 84.469

 -39.00	 84.666

 -38.50	 84.864

 -38.00	 85.062

 -37.50	 85.260

 -37.00	 85.457

 -36.50	 85.655

 -36.00	 85.853

 -35.50	 86.050

 -35.00	 86.248

 -34.50	 86.445

 -34.00	 86.643

 -33.50	 86.840

 -33.00	 87.038

 -32.50	 87.235

 -32.00	 87.432

 -31.50	 87.630

 -31.00	 87.827

 -30.50	 88.024

 -30.00	 88.222

 -29.50	 88.419

 -29.00	 88.616

 -28.50	 88.813

 -28.00	 89.010

 -27.50	 89.207

 -27.00	 89.404

 -26.50	 89.601

 -26.00	 89.798

 -25.50	 89.995

 -25.00	 90.192

 -24.50	 90.389

 -24.00	 90.586

 -23.50	 90.783

 -23.00	 90.980

 -22.50	 91.177

 -22.00	 91.373

 -21.50	 91.570

 -21.00	 91.767

 -20.50	 91.963

 -20.00	 92.160

 -19.50	 92.356

 -19.00	 92.553

 -18.50	 92.750

 -18.00	 92.946

 -17.50	 93.143

 -17.00	 93.339

 -16.50	 93.535

 -16.00	 93.732

 -15.50	 93.928

 -15.00	 94.124

 -14.50	 94.321

 -14.00	 94.517

 -13.50	 94.713

 -13.00	 94.909

 -12.50	 95.106

 -12.00	 95.302

 -11.50	 95.498

 -11.00	 95.694

 -10.50	 95.890

 -10.00	 96.086

 -9.50	 96.282

 -9.00	 96.478

 -8.50	 96.674

 -8.00	 96.870

 -7.50	 97.066

 -7.00	 97.261

 -6.50	 97.457

 -6.00	 97.653

 -5.50	 97.849

 -5.00	 98.044

 -4.50	 98.240

 -4.00	 98.436

 -3.50	 98.631

 -3.00	 98.827

 -2.50	 99.023

 -2.00	 99.218

 -1.50	 99.414

 -1.00	 99.609

 -0.50	 99.805

 0.00	 100.000

 0.50	 100.195

 1.00	 100.391

 1.50	 100.586

 2.00	 100.781

 2.50	 100.977

 3.00	 101.172

 3.50	 101.367

 4.00	 101.562

 4.50	 101.758

 5.00	 101.953

 5.50	 102.148

 6.00	 102.343

 6.50	 102.538

 7.00	 102.733

 7.50	 102.928

 8.00	 103.123

 8.50	 103.318

 9.00	 103.513

 9.50	 103.708

 10.00	 103.903

 10.50	 104.097

 11.00	 104.292

 11.50	 104.487

 12.00	 104.682

 12.50	 104.876

 13.00	 105.071

 13.50	 105.266

 14.00	 105.460

 14.50	 105.655

 15.00	 105.849

 15.50	 106.044

 16.00	 106.238

 16.50	 106.433

 17.00	 106.627

 17.50	 106.822

 18.00	 107.016

 18.50	 107.211

 19.00	 107.405

 19.50	 107.599

 20.00	 107.794

 20.50	 107.988

 21.00	 108.182

 21.50	 108.376

 22.00	 108.570

 22.50	 108.764

 23.00	 108.959

 23.50	 109.153

 24.00	 109.347

 24.50	 109.541

 25.00	 109.735

 25.50	 109.929

 26.00	 110.123

 26.50	 110.316

 27.00	 110.510

 27.50	 110.704

 28.00	 110.898

 28.50	 111.092

 29.00	 111.286

 29.50	 111.479

 30.00	 111.673

 30.50	 111.867

 31.00	 112.060

 31.50	 112.254

 32.00	 112.447

 32.50	 112.641

 33.00	 112.835

 33.50	 113.028

 34.00	 113.221

 34.50	 113.415

 35.00	 113.608

 35.50	 113.802

 36.00	 113.995

 36.50	 114.188

 37.00	 114.382

 37.50	 114.575

 38.00	 114.768

 38.50	 114.961

 39.00	 115.155

 39.50	 115.348

 40.00	 115.541

 40.50	 115.734

 41.00	 115.927

 41.50	 116.120

 42.00	 116.313

 42.50	 116.506

 43.00	 116.699

 43.50	 116.892

 44.00	 117.085

 44.50	 117.278

 45.00	 117.470

 45.50	 117.663

 46.00	 117.856

 46.50	 118.049

 47.00	 118.241

 47.50	 118.434

 48.00	 118.627

 48.50	 118.819

 49.00	 119.012

 49.50	 119.205

 50.00	 119.397

 50.50	 119.590

 51.00	 119.782

 51.50	 119.975

 52.00	 120.167

 52.50	 120.359

 53.00	 120.552

 53.50	 120.744

 54.00	 120.936

 54.50	 121.129

 55.00	 121.321

 55.50	 121.513

 56.00	 121.705

 56.50	 121.898

 57.00	 122.090

 57.50	 122.282

 58.00	 122.474

 58.50	 122.666

 59.00	 122.858

 59.50	 123.050

 60.00	 123.242

 60.50	 123.434

 61.00	 123.626

 61.50	 123.818

 62.00	 124.009

 62.50	 124.201

 63.00	 124.393

 63.50	 124.585

 64.00	 124.777

 64.50	 124.968

 65.00	 125.160

 65.50	 125.352

 66.00	 125.543

 66.50	 125.735

 67.00	 125.926

 67.50	 126.118

 68.00	 126.309

 68.50	 126.501

 69.00	 126.692

 69.50	 126.884

 70.00	 127.075

 70.50	 127.266

 71.00	 127.458

 71.50	 127.649

 72.00	 127.840

 72.50	 128.032

 73.00	 128.223

 73.50	 128.414

 74.00	 128.605

 74.50	 128.796

 75.00	 128.987

 75.50	 129.178

 76.00	 129.370

 76.50	 129.561

 77.00	 129.752

 77.50	 129.942

 78.00	 130.133

 78.50	 130.324

 79.00	 130.515

 79.50	 130.706

 80.00	 130.897

 80.50	 131.088

 81.00	 131.278

 81.50	 131.469

 82.00	 131.660

 82.50	 131.850

 83.00	 132.041

 83.50	 132.232

 84.00	 132.422

 84.50	 132.613

 85.00	 132.803

 85.50	 132.994

 86.00	 133.184

 86.50	 133.375

 87.00	 133.565

 87.50	 133.755

 88.00	 133.946

 88.50	 134.136

 89.00	 134.326

 89.50	 134.517

 90.00	 134.707

 90.50	 134.897

 91.00	 135.087

 91.50	 135.277

 92.00	 135.468

 92.50	 135.658

 93.00	 135.848

 93.50	 136.038

 94.00	 136.228

 94.50	 136.418

 95.00	 136.608

 95.50	 136.798

 96.00	 136.987

 96.50	 137.177

 97.00	 137.367

 97.50	 137.557

 98.00	 137.747

 98.50	 137.936

 99.00	 138.126

 99.50	 138.316

 100.00	 138.506

 100.50	 138.695

 101.00	 138.885

 101.50	 139.074

 102.00	 139.264

 102.50	 139.453

 103.00	 139.643

 103.50	 139.832

 104.00	 140.022

 104.50	 140.211

 105.00	 140.400

 105.50	 140.590

 106.00	 140.779

 106.50	 140.968

 107.00	 141.158

 107.50	 141.347

 108.00	 141.536

 108.50	 141.725

 109.00	 141.914

 109.50	 142.103

 110.00	 142.293

 110.50	 142.482

 111.00	 142.671

 111.50	 142.860

 112.00	 143.049

 112.50	 143.237

 113.00	 143.426

 113.50	 143.615

 114.00	 143.804

 114.50	 143.993

 115.00	 144.182

 115.50	 144.370

 116.00	 144.559

 116.50	 144.748

 117.00	 144.937

 117.50	 145.125

 118.00	 145.314

 118.50	 145.502

 119.00	 145.691

 119.50	 145.880

 120.00	 146.068

 120.50	 146.256

 121.00	 146.445

 121.50	 146.633

 122.00	 146.822

 122.50	 147.010

 123.00	 147.198

 123.50	 147.387

 124.00	 147.575

 124.50	 147.763

 125.00	 147.951

 125.50	 148.140

 126.00	 148.328

 126.50	 148.516

 127.00	 148.704

 127.50	 148.892

 128.00	 149.080

 128.50	 149.268

 129.00	 149.456

 129.50	 149.644

 130.00	 149.832

 130.50	 150.020

 131.00	 150.208

 131.50	 150.396

 132.00	 150.583

 132.50	 150.771

 133.00	 150.959

 133.50	 151.147

 134.00	 151.334

 134.50	 151.522

 135.00	 151.710

 135.50	 151.897

 136.00	 152.085

 136.50	 152.272

 137.00	 152.460

 137.50	 152.647

 138.00	 152.835

 138.50	 153.022

 139.00	 153.210

 139.50	 153.397

 140.00	 153.584

 140.50	 153.772

 141.00	 153.959

 141.50	 154.146

 142.00	 154.333

 142.50	 154.521

 143.00	 154.708

 143.50	 154.895

 144.00	 155.082

 144.50	 155.269

 145.00	 155.456

 145.50	 155.643

 146.00	 155.830

 146.50	 156.017

 147.00	 156.204

 147.50	 156.391

 148.00	 156.578

 148.50	 156.765

 149.00	 156.952

 149.50	 157.138

 150.00	 157.325

 150.50	 157.512

 151.00	 157.699

 151.50	 157.885

 152.00	 158.072

 152.50	 158.259

 153.00	 158.445

 153.50	 158.632

 154.00	 158.818

 154.50	 159.005

 155.00	 159.191

 155.50	 159.378

 156.00	 159.564

 156.50	 159.750

 157.00	 159.937

 157.50	 160.123

 158.00	 160.309

 158.50	 160.496

 159.00	 160.682

 159.50	 160.868

 160.00	 161.054

 160.50	 161.241

 161.00	 161.427

 161.50	 161.613

 162.00	 161.799

 162.50	 161.985

 163.00	 162.171

 163.50	 162.357

 164.00	 162.543

 164.50	 162.729

 165.00	 162.915

 165.50	 163.101

 166.00	 163.286

 166.50	 163.472

 167.00	 163.658

 167.50	 163.844

 168.00	 164.030

 168.50	 164.215

 169.00	 164.401

 169.50	 164.587

 170.00	 164.772

 170.50	 164.958

 171.00	 165.143

 171.50	 165.329

 172.00	 165.514

 172.50	 165.700

 173.00	 165.885

 173.50	 166.071

 174.00	 166.256

 174.50	 166.441

 175.00	 166.627

 175.50	 166.812

 176.00	 166.997

 176.50	 167.182

 177.00	 167.368

 177.50	 167.553

 178.00	 167.738

 178.50	 167.923

 179.00	 168.108

 179.50	 168.293

 180.00	 168.478

 180.50	 168.663

 181.00	 168.848

 181.50	 169.033

 182.00	 169.218

 182.50	 169.403

 183.00	 169.588

 183.50	 169.773

 184.00	 169.958

 184.50	 170.142

 185.00	 170.327

 185.50	 170.512

 186.00	 170.696

 186.50	 170.881

 187.00	 171.066

 187.50	 171.250

 188.00	 171.435

 188.50	 171.619

 189.00	 171.804

 189.50	 171.988

 190.00	 172.173

 190.50	 172.357

 191.00	 172.542

 191.50	 172.726

 192.00	 172.910

 192.50	 173.095

 193.00	 173.279

 193.50	 173.463

 194.00	 173.648

 194.50	 173.832

 195.00	 174.016

 195.50	 174.200

 196.00	 174.384

 196.50	 174.568

 197.00	 174.752

 197.50	 174.936

 198.00	 175.120

 198.50	 175.304

 199.00	 175.488

 199.50	 175.672

 200.00	 175.856
